10,4
10,18
10,239
10,174
10,7
10,290
10,196
11,9
11,30
11,17
11,14
11,12
8,6
8,12
8,14
31,3
31,1
30,4
30,3
30,1
29,3
29,1
28,20
28,19
28,18
28,17
28,16
28,15
28,14
28,13
28,12
28,11
28,10
28,9
28,8
28,7
28,6
28,5
28,4
28,3
28,2
28,1
28,0
26,3
26,1
25,3
25,1
24,3
24,1
20,3
20,2
20,1
19,3
19,2
19,1
12,3
12,2
12,1
11,26
11,24
11,18
11,16
11,7
11,4
11,3
11,2
11,1
18,1
10,289
18,3
10,278
10,265
10,205
10,194
10,186
10,146
10,115
14,1
10,5
14,3
10,3
13,1
10,2
13,3
10,1
9,7
9,5
9,3
9,2
9,1
8,17
8,16
8,13
8,11
